11000000
11100000
11111000
11111100
11111150
11111160
11111170
11112110
11112120
11112130
11112210
11113000
11114300
11114320
11114330
11114350
11115000
11115100
11115200
11115300
11115400
11116000
11120000
11121100
11121210
11121300
11210050
11211050
11211400
11212050
11220000
11300100
11320000
11320100
11320200
11321000
11321100
11321200
11340000
11350000
11350010
11350020
11350030
11360000
11370000
11400000
11400010
11410000
11411010
11411100
11411200
11411300
11411390
11411400
11411410
11411420
11430000
11431000
11432000
11433000
11433990
11434000
11434010
11434020
11434090
11434100
11434200
11434300
11435000
11435010
11435020
11435030
11435100
11436000
11440010
11440020
11440030
11440040
11440050
11440060
11440070
11446000
11459990
11460000
11460100
11460150
11460160
11460170
11460190
11460200
11460250
11460300
11460400
11460410
11460420
11460430
11460440
11461000
11461200
11461250
11461260
11461270
11461280
11480010
11480020
11480030
11480040
11511000
11511100
11511200
11511300
11511400
11511550
11511600
11511610
11511700
11512010
11512020
11512030
11512100
11512110
11512120
11513000
11513100
11513150
11513200
11513300
11513310
11513350
11513355
11513360
11513365
11513370
11513375
11513380
11513381
11513382
11513383
11513384
11513385
11513390
11513391
11513392
11513393
11513394
11513395
11513400
11513500
11513550
11513600
11513700
11513750
11513800
11513801
11513802
11513803
11513804
11513805
11513850
11513851
11513852
11513853
11513854
11513855
11514100
11514110
11514120
11514130
11514140
11514150
11514310
11514320
11514330
11514340
11514350
11514360
11519040
11519050
11519105
11519200
11519205
11519215
11526000
11531000
11531500
11541110
11541120
11541130
11541135
11541400
11542100
11542200
11543000
11543010
11551050
11553100
11553110
11553120
11553130
11560000
11710000
11710050
11710051
11710053
11710054
11710055
11710056
11710350
11710351
11710352
11710353
11710354
11710355
11710356
11710357
11710358
11710359
11710360
11710361
11710363
11710367
11710368
11710369
11710370
11710371
11710372
11710373
11710374
11710375
11710376
11710377
11710378
11710379
11710380
11710381
11710383
11710470
11710471
11710473
11710477
11710478
11710479
11710480
11710481
11710620
11710621
11710626
11710627
11710628
11710629
11710630
11710631
11710632
11710633
11710634
11710635
11710636
11710637
11710638
11710639
11710660
11710661
11710663
11710664
11710665
11710666
11710667
11710668
11710669
11710670
11710671
11710673
11710674
11710675
11710676
11710677
11710678
11710679
11710680
11710681
11710683
11710687
11710688
11710689
11710690
11710693
11710697
11710698
11710699
11710800
11710801
11710805
11710806
11710910
11710911
11710912
11710913
11710914
11710915
11710916
11710917
11710918
11710919
11710920
11710923
11710927
11710928
11710929
11710930
11710940
11710960
11710961
11710962
11710963
11710964
11710965
11710966
11710967
11710968
11710969
11720310
11720311
11720312
11720313
11720314
11720315
11720316
11720317
11720318
11720319
11720320
11720323
11720410
11720411
11720412
11720413
11720414
11720415
11720416
11720417
11720418
11720419
11720430
11720431
11720610
11720611
11720612
11720613
11720614
11720615
11720616
11720617
11720618
11720619
11720620
11720800
11720801
11720802
11720803
11720807
11720808
11720809
11740310
11740311
11740312
11740313
11740320
11740323
11740400
11740401
11740403
11740511
11740521
11810000
11811000
11812000
11813000
11825000
11830100
11830115
11830150
11830160
11830165
11830260
11830400
12100100
12110100
12120100
12120106
12120110
12130100
12140000
12200100
12210200
12210210
12210260
12210270
12210280
12210310
12210400
12210420
12210430
12210440
12210505
12210520
12220200
12220270
12220280
12310100
12310200
12310300
12310350
12310370
12320100
12350010
12350200
12350205
12350210
12350215
12350220
12350225
12350230
12350235
12350240
12350245
12350250
12350255
13110000
13110100
13110110
13110120
13110130
13110140
13110200
13110210
13110220
13110310
13110320
13110330
13120050
13120100
13120110
13120120
13120121
13120130
13120140
13120300
13120310
13120400
13120500
13120550
13120700
13120710
13120720
13120730
13120740
13120750
13120760
13120770
13120780
13120790
13120800
13120810
13121000
13121100
13121200
13121300
13121400
13121500
13122100
13122500
13126000
13127000
13127010
13130100
13130300
13130310
13130320
13130330
13130340
13130590
13130600
13130610
13130620
13130630
13130640
13130700
13135000
13135010
13136000
13140100
13140110
13140450
13140500
13140550
13140570
13140575
13140580
13140600
13140630
13140650
13140660
13140670
13140680
13140700
13140710
13140900
13142000
13150000
13160150
13160160
13160400
13160410
13160420
13161000
13161500
13161520
13161600
13161630
13170000
13200110
13210110
13210150
13210160
13210180
13210190
13210220
13210250
13210260
13210270
13210280
13210290
13210300
13210350
13210410
13210450
13210500
13210520
13210530
13210610
13210710
13210750
13210810
13210820
13220110
13220120
13220210
13220220
13220230
13220235
13220240
13220245
13230110
13230120
13230130
13230140
13230200
13230500
13230510
13241000
13250000
13250100
13250200
13252100
13252200
13252500
13252600
13310000
13311000
13312000
13411000
13412000
14010000
14101010
14102010
14103010
14103020
14104100
14104110
14104115
14104200
14104250
14104400
14104600
14104700
14105010
14105200
14106010
14106200
14106500
14107010
14107020
14107030
14107040
14107060
14107200
14107250
14108010
14108015
14108020
14108060
14108200
14108400
14108420
14109010
14109020
14109030
14109040
14110010
14120010
14120020
14131000
14131500
14132000
14133000
14134000
14200100
14201010
14201200
14201500
14202010
14202020
14203010
14203020
14203510
14204010
14204020
14204030
14206010
14207010
14301010
14303010
14410100
14410110
14410120
14410130
14410210
14410330
14410380
14410500
14410600
14410620
14420100
14420160
14420200
14420210
14420300
14502000
14610200
14610210
14610250
14610520
14620110
14620115
14620130
14620150
14620200
14620300
14620310
14620320
14620330
14630100
14630200
14630300
14640000
14640002
14640004
14640006
14640008
14640010
14640012
14640014
14640016
14640018
14640020
14640022
14640024
14640026
14640028
14640030
14640032
14640034
14640036
14640038
14640040
14640042
14640044
14640046
14640048
14640050
14640052
14640054
14640056
14640058
14640060
14640062
14640064
14640066
14640068
14640070
14640072
14640100
14640105
14640110
14640115
14640125
14640130
14640135
14640155
14640160
14640165
14640185
14640190
14640195
14650100
14650150
14650160
14650165
14650170
14650175
14650180
14650185
14650190
14650195
14660200
14670000
14710100
14710200
20000000
20000070
20000090
20000200
21000100
21000110
21000120
21001000
21001010
21001020
21002000
21003000
21101000
21101010
21101020
21101110
21101120
21101130
21102110
21102120
21102130
21103110
21103120
21103130
21104110
21104120
21104130
21105110
21105120
21105130
21301000
21302000
21304000
21304110
21304120
21304200
21304210
21304220
21305000
21401000
21401110
21401120
21401400
21407000
21407110
21407120
21410000
21410110
21410120
21416000
21416110
21416120
21416150
21417100
21417110
21417120
21420100
21500000
21500100
21500310
21601000
21601010
21602000
21602010
21602100
21701000
21701010
21701020
22000100
22000110
22000120
22000200
22000210
22000220
22000300
22000310
22000320
22001000
22002000
22002100
22002800
22101000
22101010
22101020
22101100
22101110
22101120
22101130
22101140
22101150
22101200
22101210
22101220
22101300
22101310
22101320
22101400
22101410
22101420
22101500
22101510
22101520
22107000
22107010
22107020
22201000
22201010
22201020
22201050
22201060
22201070
22201100
22201110
22201120
22201200
22201210
22201220
22201300
22201310
22201320
22201400
22201410
22201420
22210300
22210310
22210350
22210400
22210450
22300120
22300130
22300140
22300150
22300160
22300170
22301000
22301110
22301120
22311000
22311010
22311020
22311450
22311500
22311510
22311520
22321110
22400100
22400110
22400120
22401000
22401010
22401020
22402510
22411000
22411010
22411020
22421000
22421010
22421020
22431000
22501010
22600100
22600110
22600200
22600210
22601000
22601040
22602010
22621000
22621100
22701000
22701010
22701020
22701030
22701040
22701050
22704010
22705010
22706010
22707010
22707020
22708010
22709010
22709110
22810010
22820000
23000100
23101000
23101010
23101020
23104000
23104010
23104020
23107000
23107010
23107020
23110000
23110010
23110050
23111010
23120100
23120110
23120120
23132000
23150100
23150200
23150250
23150270
23150300
23200100
23200110
23200120
23201010
23201020
23201030
23203010
23203020
23203030
23203100
23203110
23203120
23204010
23204020
23204030
23204200
23204210
23204220
23205010
23205020
23205030
23210010
23210020
23210030
23220010
23220020
23220030
23310000
23311100
23311120
23311200
23321000
23321050
23321100
23321200
23321250
23321900
23322100
23322300
23322350
23322400
23323100
23323500
23324100
23326100
23331100
23332100
23333100
23334100
23335100
23340100
23345100
23350100
23410010
23420010
24100000
24100010
24100020
24102000
24102010
24102020
24102050
24102060
24102070
24103000
24103010
24103020
24103050
24103055
24103060
24103070
24103075
24103080
24104049
24104051
24107070
24107071
24107080
24107081
24120110
24120120
24122130
24122131
24122140
24122141
24122150
24122151
24122160
24122161
24122170
24122171
24123110
24123120
24123300
24123301
24123310
24123311
24124200
24124201
24127200
24127201
24127202
24127210
24127211
24127220
24127221
24127500
24127501
24130210
24130220
24132230
24132231
24132240
24132241
24133210
24133220
24134100
24134101
24134150
24134151
24134300
24134301
24137300
24137301
24137310
24137311
24140210
24140220
24142300
24142301
24142310
24142311
24142320
24142321
24142400
24142401
24142500
24142501
24142510
24142511
24143210
24143220
24144300
24144301
24147300
24147301
24147302
24147310
24147311
24147320
24147321
24147400
24147401
24150210
24150220
24152230
24152231
24152240
24152241
24152250
24152251
24152300
24152301
24153210
24153220
24154010
24154011
24154020
24154021
24154300
24154301
24157300
24157301
24157302
24157310
24157311
24157320
24157321
24157330
24157331
24157400
24157401
24160110
24162130
24162140
24162150
24162200
24163110
24164000
24164010
24164200
24167200
24167210
24167220
24167230
24167300
24168000
24168001
24168002
24168010
24168011
24168012
24168020
24168021
24168022
24168030
24168031
24170200
24180200
24198340
24198440
24198500
24198570
24198670
24198671
24198677
24198683
24198720
24198729
24198731
24198732
24198735
24198736
24198737
24198739
24198741
24198742
24198745
24198746
24198747
24198840
24201000
24201020
24201030
24201060
24201070
24201120
24201130
24201220
24201230
24201320
24201330
24201360
24201370
24201410
24201420
24201510
24201520
24202010
24202020
24202060
24202070
24202120
24202460
24202500
24202600
24203010
24203020
24203120
24205000
24205100
24206000
24207000
24208000
24208500
24208510
24209000
24209001
24300110
24300120
24301010
24301020
24301210
24302010
24311010
24400010
24400020
24401010
24401020
24402100
24402110
24403100
24404100
24701000
24701010
24701020
24703000
24703010
24703020
24705010
24706010
25110120
25110140
25110420
25110450
25112200
25120000
25130000
25140110
25150000
25160000
25160110
25160130
25170110
25170210
25170310
25170420
25210110
25210150
25210210
25210220
25210240
25210250
25210280
25210290
25210310
25210410
25210620
25210750
25220105
25220106
25220108
25220150
25220210
25220350
25220360
25220410
25220425
25220435
25220445
25220650
25220710
25220910
25221110
25221210
25221215
25221220
25221250
25221255
25221260
25221310
25221350
25221400
25221405
25221406
25221408
25221450
25221460
25221500
25221505
25221515
25221610
25221810
25221830
25221855
25221860
25221870
25221875
25221910
25221950
25230110
25230210
25230220
25230320
25230340
25230420
25230530
25230540
25230550
25230560
25230610
25230780
25230785
25230800
25231110
25231120
25240000
25240110
25240220
26100100
26100110
26100120
26100121
26100122
26100123
26100124
26100130
26100131
26100132
26100133
26100134
26100140
26100141
26100142
26100143
26100144
26100160
26100170
26100180
26100190
26100200
26100260
26100270
26101110
26101180
26103110
26103120
26103121
26103130
26103131
26103140
26103160
26105110
26105120
26105121
26105130
26105131
26105140
26105160
26105190
26107110
26107120
26107121
26107122
26107123
26107124
26107130
26107131
26107132
26107133
26107134
26107140
26107141
26107142
26107143
26107144
26107160
26109110
26109120
26109121
26109122
26109123
26109124
26109130
26109131
26109132
26109133
26109134
26109140
26109141
26109142
26109143
26109144
26109160
26109170
26109180
26109190
26111110
26111120
26111121
26111130
26111131
26111140
26111160
26113110
26113160
26113190
26115000
26115110
26115120
26115121
26115122
26115123
26115124
26115130
26115131
26115132
26115133
26115134
26115140
26115141
26115142
26115143
26115144
26115160
26115190
26117110
26117120
26117121
26117130
26117131
26117140
26117160
26117190
26118000
26118010
26118020
26118021
26118022
26118023
26118024
26118030
26118031
26118032
26118033
26118034
26118040
26118041
26118042
26118043
26118044
26118050
26118060
26119100
26119110
26119120
26119121
26119130
26119131
26119140
26119160
26119170
26119180
26119190
26121100
26121110
26121120
26121121
26121131
26121132
26121140
26121160
26121180
26121190
26123100
26123110
26123120
26123121
26123130
26123131
26123140
26123160
26125100
26125110
26125120
26125121
26125130
26125131
26125140
26125160
26127110
26127120
26127121
26127122
26127123
26127124
26127130
26127131
26127132
26127133
26127134
26127140
26127141
26127142
26127143
26127144
26127160
26129110
26129120
26129121
26129130
26129131
26129140
26129160
26131100
26131110
26131120
26131121
26131130
26131131
26131140
26131160
26131190
26133100
26133110
26133120
26133121
26133130
26133131
26133140
26133160
26135110
26135120
26135121
26135130
26135131
26135140
26135160
26137100
26137110
26137120
26137121
26137122
26137123
26137124
26137130
26137131
26137132
26137133
26137134
26137140
26137141
26137142
26137143
26137144
26137160
26137170
26137180
26137190
26139110
26139170
26139180
26139190
26141110
26141120
26141121
26141130
26141131
26141140
26141160
26141180
26143110
26143120
26143121
26143130
26143131
26143140
26143160
26147110
26147120
26147130
26147140
26147190
26149110
26149120
26149121
26149130
26149131
26149140
26149160
26151110
26151120
26151121
26151122
26151123
26151124
26151130
26151131
26151132
26151133
26151134
26151140
26151141
26151142
26151143
26151144
26151160
26151190
26153100
26153110
26153120
26153122
26153130
26153131
26153140
26153160
26153170
26153190
26155110
26155180
26155190
26157110
26157120
26157121
26157122
26157123
26157124
26157130
26157131
26157132
26157133
26157134
26157140
26157141
26157142
26157143
26157144
26157160
26158000
26158010
26158011
26158012
26158013
26158014
26158020
26158021
26158022
26158023
26158024
26158030
26158031
26158032
26158033
26158034
26158050
26203110
26203160
26205110
26205160
26205170
26205180
26205190
26207110
26209100
26211100
26213100
26213120
26213121
26213130
26213131
26213140
26213160
26213170
26213180
26213190
26215120
26301110
26301140
26301160
26303100
26303110
26303120
26303121
26303130
26303131
26303140
26303160
26303180
26303190
26305110
26305120
26305121
26305130
26305131
26305160
26305180
26307140
26309140
26309160
26311110
26311120
26311121
26311140
26311160
26311170
26311171
26311180
26313100
26313110
26313160
26315100
26315110
26315120
26315121
26315130
26315140
26315160
26315161
26315180
26315190
26317110
26317120
26317121
26317130
26317140
26317160
26317161
26319110
26319120
26319121
26319122
26319123
26319124
26319130
26319140
26319141
26319142
26319143
26319144
26319145
26319160
26319161
26319162
26319163
26319164
26319170
26319180
26321110
27111000
27111100
27111200
27111300
27111310
27111400
27111405
27111406
27111407
27111410
27111420
27111430
27111440
27111500
27112000
27112010
27113000
27113100
27113200
27113300
27114000
27115000
27115100
27116100
27116200
27116300
27116350
27116400
27118110
27118120
27118130
27118140
27118180
27120020
27120030
27120060
27120080
27120090
27120100
27120110
27120120
27120130
27120150
27120160
27120210
27120250
27121000
27121010
27121410
27130010
27130050
27130100
27133010
27135010
27135020
27135030
27135040
27135050
27135110
27135150
27136050
27136080
27136100
27141000
27141030
27141035
27141050
27141500
27142000
27142100
27142200
27143000
27144000
27145000
27146011
27146100
27146110
27146150
27146160
27146200
27146250
27146300
27146350
27146360
27146400
27148010
27150010
27150020
27150030
27150050
27150060
27150070
27150100
27150110
27150120
27150130
27150140
27150151
27150155
27150160
27150170
27150190
27150200
27150210
27150230
27150250
27150310
27150320
27150330
27150350
27150370
27150410
27150510
27151030
27151040
27151050
27151070
27160010
27160100
27161010
27162010
27162040
27162060
27162500
27163010
27211000
27211100
27211110
27211150
27211190
27211200
27211300
27211400
27211500
27211550
27212000
27212050
27212100
27212120
27212150
27212200
27212300
27212350
27212400
27212500
27213000
27213010
27213100
27213120
27213150
27213200
27213300
27213400
27213420
27213500
27213600
27214100
27214110
27214300
27214500
27214600
27218110
27218210